   6.9932899e-01   1.1006103e+01   1.0905340e-01
   9.2400307e-01   1.7057993e+01   8.1094965e-03
   8.4010685e-01   1.4707128e+01   1.4036381e-02
   4.0450206e-02   1.5788843e+00  -1.3398603e-01
   6.1349171e-01   9.0968316e+00   1.2836945e-01
   7.5933021e-01   1.2388760e+01   1.2600478e-01
   2.6858499e-01   4.4719166e+00  -1.9930175e-01
   1.1821437e-01   3.5364596e+00  -3.6014620e-01
   5.2015453e-02   1.8516907e+00  -1.5095611e-01
   8.0642355e-01   1.3850651e+01   2.5487078e-03
   4.0673998e-01   5.6817032e+00   1.7326349e-02
   2.3581287e-01   3.1547476e+00   6.8687636e-02
   8.4373464e-01   1.4783965e+01   2.2979341e-02
   4.6104338e-01   6.6698372e+00  -2.8145825e-02
   3.3307144e-01   3.8940152e+00   2.4908515e-01
   5.2435688e-01   6.4156503e+00   5.0700937e-01
   8.4804825e-01   1.4950851e+01   3.3031415e-04
   7.8852307e-02   2.9797400e+00  -3.1364818e-01
   4.8613267e-01   6.9627418e+00   2.0370593e-02
   2.0866201e-01   2.7150888e+00   9.1098021e-02
   1.3947519e-01   2.0352242e+00   3.5356869e-02
   2.8232439e-01   3.8907595e+00   2.9786844e-02
   6.0815868e-01   9.0984368e+00   8.2134760e-02
   4.0605614e-01   4.8282098e+00   3.1713847e-01
   7.3186767e-01   1.0749926e+01   5.7616431e-01
   4.2531344e-01   6.0469111e+00  -1.0449704e-02
   7.7932504e-01   1.2923627e+01   1.0837491e-01
   2.6731409e-01   4.3435783e+00  -1.6525852e-01
   7.5933021e-01   1.2514765e+01   7.0085215e-02
   6.5520676e-01   9.6605518e+00   2.6670083e-01
   6.7441580e-01   1.0105939e+01   2.5748599e-01
   3.8885767e-01   6.0702040e+00  -2.0859951e-01
   7.5510421e-01   1.2515024e+01   2.5000457e-02
   6.6331868e-01   1.0357736e+01   4.2344701e-02
   4.1628147e-01   7.0530690e+00  -3.9428505e-01
   6.3020425e-01   9.8400001e+00  -3.5332113e-02
   9.0315955e-01   1.6100365e+01   1.7411044e-01
   4.0414245e-01   5.9559220e+00  -9.3330707e-02
   4.2372398e-01   4.8091044e+00   4.2629703e-01
   8.9671661e-01   1.6188762e+01   4.7529721e-02
   6.6421968e-01   1.0047839e+01   1.8356673e-01
   3.9224444e-01   5.4053588e+00   3.7253992e-02
   4.6291052e-01   6.5583803e+00   2.4756056e-02
   2.2596897e-01   3.6663492e+00  -1.0849016e-01
   4.8559261e-01   6.9746618e+00   1.2330112e-02
   4.1150455e-01   7.1947263e+00  -4.5666627e-01
   1.6709282e-01   3.6021067e+00  -2.6293955e-01
   3.3305995e-01   3.3775355e+00   4.0417210e-01
   6.0693053e-01   8.7794889e+00   2.0540848e-01
   6.0815868e-01   8.9575640e+00   1.4087286e-01
   8.6125378e-01   1.5271842e+01   1.6617327e-02
   6.4672822e-01   9.7706472e+00   1.3907566e-01
   2.8966274e-01   3.4288735e+00   1.9812495e-01
   4.2390272e-01   5.5961219e+00   1.4542845e-01
   5.0460849e-01   6.8414834e+00   1.9328596e-01
   2.7560346e-01   3.7000695e+00   6.0833056e-02
   7.5823574e-01   1.2402752e+01   1.0779955e-01
   4.0673998e-01   4.1012009e+00   5.6206716e-01
   8.2605815e-01   1.3627890e+01   3.4191291e-01
   1.2214089e-01   2.1041574e+00  -2.6045877e-02
   9.5226452e-01   1.7783878e+01   5.7120102e-02
   4.2531344e-01   6.0297829e+00  -4.2669865e-03
   6.4844109e-02   4.0115487e+00  -5.5632503e-01
   5.5959356e-01   8.1224195e+00   8.8742622e-02
   8.3076745e-01   1.4420762e+01   3.1055279e-02
   4.7812925e-01   5.6320392e+00   4.7579210e-01
   1.7931489e-01   3.0037029e+00  -7.4087587e-02
   2.2379123e-01   3.8771174e+00  -1.7543440e-01
   3.9221953e-01   5.5640765e+00  -1.8651054e-02
   9.0211268e-01   1.6447957e+01  -4.6218653e-04
   6.2546707e-02   3.7218142e+00  -5.0080464e-01
   1.4060125e-01   3.0741778e+00  -1.9710473e-01
   8.2168189e-01   1.3757610e+01   2.2498728e-01
   6.7927245e-01   1.1745048e+01  -3.5865004e-01
   6.4842960e-01   1.0069863e+01   2.8190115e-02
   5.1382205e-01   7.4502507e+00   1.9583811e-02
   8.0315955e-01   1.3399531e+01   1.6724292e-01
   5.4851353e-01   8.6089994e+00  -1.8000549e-01
   1.4482708e-01   3.8902678e+00  -3.8858152e-01
   6.4732022e-01   1.0182380e+01  -2.7863718e-02
   1.0254089e-02   1.9365979e+00  -2.5479742e-01
   2.0550970e-01   4.6013439e+00  -4.2525027e-01
   4.0156038e-01   4.7755784e+00   3.1001425e-01
   3.5601403e-01   5.2078996e+00  -7.5696257e-02
   9.7302877e-01   1.8143157e+01   1.8468865e-01
   2.7560346e-01   3.4904356e+00   1.2294721e-01
   1.4033910e-01   4.3976607e+00  -5.1723298e-01
   5.3993903e-01   8.2794563e+00  -1.1637833e-01
   4.2390272e-01   5.8339028e+00   5.8710651e-02
   8.2605815e-01   1.4299933e+01   2.9580714e-02
   2.5927174e-01   3.3935533e+00   8.7642652e-02
   2.4128497e-01   3.5875927e+00  -3.3912268e-02
   2.1693920e-01   4.0450197e+00  -2.4387144e-01
   8.5168059e-01   1.4388959e+01   3.0678832e-01
   7.2985467e-01   1.1679141e+01   1.2556240e-01
   9.4987275e-01   1.7254939e+01   2.7708631e-01
   7.5933021e-01   1.2158085e+01   2.3067566e-01
   3.7016868e-01   6.0067240e+00  -2.7353851e-01
   3.4774878e-01   4.9566843e+00  -3.0098375e-02
   7.2759312e-01   1.1103392e+01   3.6259753e-01
   5.4046196e-02   3.5703455e+00  -4.8262778e-01
   5.6939386e-01   8.4831792e+00   1.9506927e-02
   8.4686300e-01   1.4760722e+01   7.1121340e-02
   1.1710918e-01   2.8133996e+00  -1.9286320e-01
   6.0248753e-01   1.0866946e+01  -5.8046058e-01
   2.2018336e-01   4.1282101e+00  -2.5741639e-01
   4.4306396e-01   6.0255159e+00   1.0149957e-01
   9.7302877e-01   1.8516793e+01   7.9687851e-03
   4.0569240e-01   5.5376983e+00   6.3015203e-02
   2.4305803e-01   3.7547913e+00  -7.6156459e-02
   2.5837963e-01   5.1724589e+00  -4.3218672e-01
   5.0690036e-01   7.4339288e+00  -2.1316436e-02
   8.4006757e-01   1.4657554e+01   3.5613118e-02
   5.2433614e-01   7.4921834e+00   7.7326130e-02
   4.6291052e-01   6.5188109e+00   3.9569433e-02
   7.5128834e-01   1.2545342e+01  -2.7582355e-02
   2.6637353e-01   4.8114639e+00  -3.0696363e-01
   7.5126872e-01   1.4042316e+01  -5.7177258e-01
   1.9075226e-01   3.5488347e+00  -1.8435446e-01
   4.8034606e-01   8.2716166e+00  -4.6152190e-01
   8.4176499e-01   1.4737025e+01   2.0416642e-02
   6.5618005e-01   9.0730185e+00   5.3767688e-01
   7.0534696e-01   1.1368524e+01   1.2640192e-02
   3.2003409e-01   4.6301895e+00  -4.6937562e-02
   4.0714862e-01   6.6691511e+00  -3.1686939e-01
   2.5837963e-01   4.0504189e+00  -1.0928805e-01
   1.6709282e-01   3.3391671e+00  -1.9486512e-01
   7.8664921e-01   1.2664578e+01   3.1310403e-01
   5.7335119e-01   7.5902366e+00   4.2052940e-01
   6.9320144e-01   1.1066539e+01   2.3384106e-02
   6.7927245e-01   1.1157450e+01  -1.4084329e-01
   2.3968825e-01   4.0414814e+00  -1.7113479e-01
   7.2977056e-01   1.1589058e+01   1.6474039e-01
   5.2914469e-01   8.1040737e+00  -1.2427601e-01
   6.6273718e-01   9.8231401e+00   2.6790922e-01
   8.3078817e-01   1.4777215e+01  -1.2232104e-01
   3.4591032e-01   5.0625017e+00  -7.3897456e-02
   6.3163604e-01   9.7196248e+00   2.5963700e-02
   6.7303146e-01   1.0612380e+01   2.4909464e-02
   6.5381787e-01   1.1953463e+01  -5.9502614e-01
   9.9196003e-01   1.9032874e+01   3.8300766e-02
   1.5002891e-01   3.2374890e+00  -2.1363410e-01
   3.4212865e-01   3.9861463e+00   2.6302345e-01
   7.6156727e-01   1.2609129e+01   5.2717584e-02
   6.8877595e-01   1.2556143e+01  -5.5304073e-01
   7.5502539e-01   1.2539856e+01   1.3453330e-02
   2.6928629e-01   4.6474995e+00  -2.4918318e-01
   7.5168059e-01   1.2870937e+01  -1.5783684e-01
   7.0796370e-01   1.1436247e+01   9.4157181e-03
   4.1730450e-01   7.6278055e+00  -5.5273489e-01
   6.3649147e-01   1.0039390e+01  -6.2615230e-02
   2.6637353e-01   4.2876995e+00  -1.5180402e-01
   8.7480192e-01   1.5599571e+01   3.6588068e-02
   7.2704893e-01   1.1707976e+01   8.3725218e-02
   6.3020425e-01   9.9969247e+00  -9.7877789e-02
   7.9460061e-01   1.2533858e+01   4.7332516e-01
   2.7619480e-01   4.4130013e+00  -1.5398442e-01
   5.8335585e-01   8.7406726e+00   2.5340782e-02
   3.7633116e-01   5.2854128e+00  -3.2416523e-03
   7.1951451e-01   1.2088028e+01  -1.4870963e-01
   4.3369073e-01   6.1338954e+00   5.9703908e-03
   2.2497065e-02   1.3069884e+00  -1.3734118e-01
   4.6776076e-01   6.9407033e+00  -8.6828617e-02
   5.2015453e-02   1.5746274e+00  -1.0615306e-01
   6.7990736e-01   1.0720635e+01   4.3510098e-02
   1.5002891e-01   2.8632822e+00  -1.2134840e-01
   4.3276549e-01   6.0688006e+00   2.4339399e-02
   3.4151748e-01   4.6383635e+00   4.7091882e-02
   6.6421968e-01   9.1235323e+00   5.9570817e-01
   6.4732523e-01   9.8622738e+00   1.0547569e-01
   7.3656989e-01   1.2762537e+01  -2.5565744e-01
   1.1710918e-01   3.3930337e+00  -3.2855888e-01
   4.2390272e-01   5.0104707e+00   3.5688854e-01
   7.5823574e-01   1.2206578e+01   1.9617335e-01
   5.4046196e-02   3.0877177e+00  -3.8302232e-01
   7.1951451e-01   1.2331009e+01  -2.4298100e-01
   9.0735420e-01   1.6404070e+01   8.7747764e-02
   3.8670819e-01   5.6962689e+00  -9.2750567e-02
   3.3657779e-01   5.4679779e+00  -2.4602661e-01
   8.8945534e-01   1.5824592e+01   1.2098117e-01
   2.9005454e-01   4.9944747e+00  -2.7948508e-01
   2.0817855e-01   2.1095412e+00   2.3165505e-01
   3.0605614e-01   4.4076089e+00  -3.4795384e-02
   3.3863212e-01   4.6703787e+00   2.3029957e-02
   1.9988942e-01   3.0659332e+00  -2.7602322e-02
   7.1951451e-01   1.1939318e+01  -8.8766975e-02
   2.5418171e-01   4.9943567e+00  -3.9643969e-01
   3.9224444e-01   5.4823905e+00   1.0142964e-02
   6.4732523e-01   9.9677495e+00   6.0954420e-02
   8.6369072e-02   2.6605297e+00  -2.2927459e-01
   4.6417441e-01   6.6418174e+00   1.4623789e-03
   8.4373464e-01   1.4666921e+01   7.5540340e-02
   2.1785416e-01   3.5685621e+00  -1.0725795e-01
   9.7302877e-01   1.8327846e+01   9.5997731e-02
   7.6727748e-01   1.2757525e+01   4.9230237e-02
   2.9715011e-01   4.1013210e+00   2.4942333e-02
   6.6613231e-01   1.0348274e+01   7.2324182e-02
   5.6773100e-01   8.1362740e+00   1.4700766e-01
   3.9224444e-01   4.9098931e+00   2.1164756e-01
   7.0534696e-01   1.1397824e+01   2.7378767e-04
   1.2610505e-01   3.1683992e+00  -2.5493880e-01
   8.7480192e-01   1.5532601e+01   6.6970117e-02
   5.2396729e-01   6.5634753e+00   4.4574071e-01
   1.8570361e-01   3.2933350e+00  -1.3073600e-01
   8.5480759e-01   1.5097425e+01   1.6245631e-02
   2.3086411e-01   3.6101969e+00  -7.6229983e-02
   8.4686300e-01   1.4870927e+01   2.1635035e-02
   5.9063102e-01   8.2307064e+00   2.9730744e-01
   6.9329700e-02   2.7490677e+00  -2.8377709e-01
   7.3198595e-01   1.1959129e+01   2.5505894e-02
   8.9221811e-01   1.5923206e+01   1.1130494e-01
   1.7931489e-01   3.2380741e+00  -1.3467802e-01
   4.6417441e-01   6.6053427e+00   1.5066575e-02
   5.5618005e-01   7.0456327e+00   5.0386799e-01
   6.5381787e-01   1.0507417e+01  -1.0273410e-01
   4.7267197e-01   6.5771868e+00   7.9514461e-02
   5.4790057e-01   7.6892985e+00   1.7400031e-01
   8.0085910e-01   1.3578382e+01   5.9573764e-02
   3.0215872e-01   4.2880233e+00  -1.3061987e-02
   2.8597053e-01   2.9259555e+00   3.2317367e-01
   7.2977056e-01   1.1753798e+01   9.1813556e-02
   7.2207941e-01   1.1717417e+01   2.9149378e-02
   3.0215872e-01   4.2749613e+00  -8.9258394e-03
   4.0414245e-01   7.0913519e+00  -4.5744735e-01
   4.5737531e-02   1.9112438e+00  -1.7509132e-01
   8.4804825e-01   1.4950259e+01   5.9154331e-04
   1.1300027e-01   2.3460375e+00  -9.9798895e-02
   2.7885770e-01   4.0404562e+00  -2.9710846e-02
   2.0495430e-01   4.0774893e+00  -2.8761367e-01
   5.8142957e-01   8.7570339e+00   3.6083049e-03
   5.4306396e-01   7.7880913e+00   9.7298981e-02
   3.4151748e-01   4.4623300e+00   1.0549747e-01
   8.8945534e-01   1.5140409e+01   4.5414555e-01
   4.4310455e-01   6.0396800e+00   9.6485684e-02
   9.7937352e-01   1.8598196e+01   6.0061916e-02
   2.5694948e-01   2.6208579e+00   2.8687673e-01
   4.6949643e-01   6.3653301e+00   1.3962739e-01
   5.6866695e-01   8.7402441e+00  -8.6804256e-02
   1.9988942e-01   3.6289973e+00  -1.7943783e-01
   8.8945534e-01   1.5945573e+01   6.5071755e-02
   4.7267197e-01   6.7060678e+00   3.0724664e-02
   6.4041037e-01   9.9288536e+00   1.5893420e-02
   2.0817855e-01   1.8166173e+00   2.9292393e-01
   5.5965985e-01   7.9267214e+00   1.6888508e-01
   6.3105654e-01   9.2000528e+00   2.4081747e-01
   7.0796370e-01   1.1099688e+01   1.5508713e-01
   4.4973310e-01   6.3426008e+00   2.4251582e-02
   3.9224444e-01   5.3478194e+00   5.7539370e-02
   9.8784632e-01   1.8854185e+01   6.2317807e-02
   6.3649147e-01   1.1587983e+01  -5.9272747e-01
   8.4760142e-01   1.4855148e+01   3.7541718e-02
   5.4306396e-01   8.0006054e+00   1.2986686e-02
   4.3276549e-01   5.9699152e+00   6.0528331e-02
   7.1951451e-01   1.1850551e+01  -5.2216934e-02
   1.2242513e-01   2.7470452e+00  -1.6479131e-01
   4.4151748e-01   5.2607900e+00   3.7435418e-01
   4.0156038e-01   5.5539352e+00   3.4631188e-02
   1.2214089e-01   2.8019709e+00  -1.7810964e-01
   4.7042051e-01   6.8324278e+00  -3.0709444e-02
   1.8940025e-01   5.1705631e+00  -5.9616556e-01
   1.8570361e-01   3.1625990e+00  -9.6332460e-02
   7.1470034e-01   1.1581049e+01   1.3988259e-02
   4.9346862e-01   7.4488005e+00  -1.1422768e-01
   6.4672822e-01   9.9097229e+00   7.9982955e-02
   1.7013144e-01   2.5609077e+00   7.8768234e-03
   9.5400420e-01   1.7865245e+01   4.3523981e-02
   2.9715011e-01   4.0650214e+00   3.6299567e-02
   5.6278894e-02   3.3171363e+00  -4.2676158e-01
   5.0690036e-01   7.7523404e+00  -1.4024852e-01
   4.1152016e-01   5.7403765e+00   2.2631167e-02
   9.7937352e-01   1.7814745e+01   4.4841117e-01
   8.8713020e-01   1.5519750e+01   2.3450696e-01
   4.4047114e-01   4.6784082e+00   5.7133174e-01
   6.0248753e-01   9.6154590e+00  -1.6841657e-01
   1.5238818e-01   3.6366434e+00  -3.0827037e-01
   5.7072288e-01   7.7349652e+00   3.3804084e-01
   7.3808462e-01   1.1731908e+01   1.8968960e-01
   7.8908193e-01   1.3537119e+01  -5.2578620e-02
   5.1382205e-01   7.4698345e+00   1.2020414e-02
   5.5965985e-01   8.2554594e+00   3.5856839e-02
   2.7560346e-01   3.0770962e+00   2.4032750e-01
   5.0457448e-01   7.0813891e+00   9.8873889e-02
   7.3300941e-01   1.0840289e+01   5.4665367e-01
   2.3885691e-01   5.3645516e+00  -5.3310075e-01
   5.3202541e-01   8.3376788e+00  -1.9091036e-01
   4.2390272e-01   5.3673592e+00   2.2876271e-01
   5.6286101e-01   8.5125033e+00  -4.1505676e-02
   2.5418171e-01   5.5290754e+00  -5.3471875e-01
   6.4732022e-01   1.0437441e+01  -1.2970520e-01
   8.4006757e-01   1.4592953e+01   6.4601206e-02
   1.9921973e-01   2.7430434e+00   5.3265959e-02
   1.4573753e-01   1.7361525e+00   1.1206211e-01
   4.0156038e-01   5.5001795e+00   5.3755675e-02
   4.0156038e-01   5.4166738e+00   8.3505658e-02
   4.8613267e-01   6.6502903e+00   1.4026421e-01
   1.9921973e-01   2.6721386e+00   7.0904838e-02
   5.4047114e-01   7.2159145e+00   3.0942590e-01
   7.2985467e-01   1.1029360e+01   4.2222694e-01
   3.1175560e-01   4.9937729e+00  -1.9747768e-01
   8.4176499e-01   1.4700207e+01   3.6818458e-02
   2.4128497e-01   8.1313902e+00  -9.8435565e-01
   4.1150455e-01   8.6084646e+00  -7.9234096e-01
   1.1127479e-01   1.0393104e+01  -1.1398576e+00
   7.9778220e-01   1.1513535e+01   1.0103372e+00
   2.3885691e-01   6.0487693e+00  -6.8421776e-01
   6.1014249e-01   1.3376917e+01  -1.0534207e+00
   1.3485395e-01   1.1733104e+01  -1.1843886e+00
   3.2649540e-01   1.1074574e+01  -1.1664512e+00
   8.2389103e-01   1.2781718e+01   7.3091956e-01
   2.6731409e-01   9.7659999e+00  -1.1049722e+00
   2.2228955e-01   1.1212579e+01  -1.1844689e+00
   2.2947855e-01   9.4320147e+00  -1.0953041e+00
   5.4992808e-01   3.7769227e+00   1.4765065e+00
   3.3100638e-02   1.7692899e+01  -1.2170082e+00
   2.0550970e-01   6.7216465e+00  -8.4871440e-01
   5.4411147e-01   1.3440117e+01  -1.1790062e+00
   2.5997673e-01   1.3331063e+01  -1.2581784e+00
   7.7219367e-01   1.5725475e+01  -8.7482772e-01
   1.4979636e-02   1.2209582e+01  -1.1507011e+00
   2.9677979e-01   7.9598287e+00  -9.0701051e-01
   2.8714469e-01   1.4465605e+01  -1.2933344e+00
   5.5959356e-01   6.5619905e+00   7.2425652e-01
   3.8885767e-01   8.1934487e+00  -7.7100749e-01
   4.8034606e-01   1.1798334e+01  -1.1061758e+00
   2.0860858e-01   7.4829061e+00  -9.4123692e-01
   1.1594260e-01   6.4317427e+00  -8.8908833e-01
   2.9567071e-01   9.8787000e+00  -1.1006418e+00
   2.3968825e-01   9.4300468e+00  -1.0921052e+00
   8.4647124e-02   6.6883058e+00  -9.3169738e-01
   5.4411147e-01   1.1207581e+01  -8.9629068e-01
   2.6731409e-01   7.6443195e+00  -9.0243916e-01
   3.1693920e-01   1.0264334e+01  -1.1178339e+00
   1.0254089e-02   5.0548754e+00  -7.8419232e-01
   6.0982193e-01   1.2771537e+01  -9.6380057e-01
   1.3663640e-01   6.3797903e+00  -8.6837026e-01
   4.1709598e-01   8.0490721e+00  -6.5789531e-01
   1.2798667e-01   8.8968467e+00  -1.0791317e+00
   1.7590496e-01   1.4818450e+01  -1.2608468e+00
   1.3268532e-01   1.0459851e+01  -1.1460655e+00
   3.0705549e-01   9.7692315e+00  -1.0860959e+00
   1.3268532e-01   8.2139593e+00  -1.0384569e+00
   3.2947855e-01   1.8301255e+01  -1.3781857e+00
   2.8714469e-01   1.1913674e+01  -1.2140915e+00
   4.4151748e-01   3.0383309e+00   1.0341463e+00
   5.8620650e-01   1.1609065e+01  -8.3170674e-01
   4.8552074e-02   1.6624584e+01  -1.2178940e+00
   1.0495430e-01   8.4709976e+00  -1.0571398e+00
   4.0369954e-01   3.1662122e+00   8.0833617e-01
   5.4310455e-01   3.8286849e+00   1.4265700e+00
   7.0578362e-01   9.4759609e+00   8.7315340e-01
   1.4979636e-02   8.8267695e+00  -1.0668708e+00
   2.2109789e-01   1.6906619e+01  -1.3106098e+00
   5.2435688e-01   5.6060266e+00   8.0962369e-01
   7.8601568e-01   1.5558287e+01  -7.5915985e-01
   2.9992114e-01   6.7327120e+00  -6.9451775e-01
   4.2435688e-01   1.7620750e+00   1.1861539e+00
   1.4846185e-01   5.4173594e+00  -7.1118823e-01
   1.1594260e-01   5.5426543e+00  -7.7009220e-01
   7.0131443e-02   4.9988638e+00  -7.2927203e-01
   3.6757789e-01   9.3801910e+00  -9.9235709e-01
   5.0460849e-01   4.0308724e+00   1.1533188e+00
   1.5692340e-01   5.1283573e+00  -6.4426602e-01
   2.0318311e-01   7.5962815e+00  -9.5748012e-01
   1.9075226e-01   8.8954121e+00  -1.0707430e+00
   4.7642316e-01   3.5123049e+00   1.1153324e+00
   7.3418479e-01   1.0209197e+01   8.5565181e-01
   2.9677979e-01   7.0528182e+00  -7.6339451e-01
   4.3707201e-01   9.0771393e+00  -8.1325821e-01
   6.5492095e-01   8.2832816e+00   8.7021983e-01
   7.2050892e-01   9.0945021e+00   1.1957551e+00
   2.0318311e-01   9.7656108e+00  -1.1196209e+00
   2.8714469e-01   9.5434565e+00  -1.0798119e+00
   3.7016868e-01   1.0652873e+01  -1.1144164e+00
   6.9329700e-02   6.6052971e+00  -9.2972417e-01
   7.5126872e-01   1.5810278e+01  -9.8593294e-01
   3.5895423e-01   8.4903041e+00  -8.8627743e-01
   2.3704606e-01   5.8106118e+00  -6.3863869e-01
   1.7590496e-01   1.3557603e+01  -1.2386429e+00
   3.0390465e-01   1.3826306e+01  -1.2805404e+00
   3.0568139e-01   9.7029957e+00  -1.0816515e+00
   1.5627889e-01   6.1179373e+00  -8.1533008e-01
   6.9063102e-01   8.7000574e+00   1.0505858e+00
   5.8335585e-01   7.3231519e+00   6.1657916e-01
   6.2050892e-01   7.1630746e+00   1.0037465e+00
   5.1002247e-01   1.1516042e+01  -1.0257948e+00
   2.2003409e-01   6.7806248e+00  -8.3999013e-01
   4.4047114e-01   1.4650088e+00   1.3018545e+00
   8.9225308e-02   5.5868703e+00  -8.0095114e-01
   2.1693920e-01   7.0714758e+00  -8.8394863e-01
   2.5997673e-01   1.2072884e+01  -1.2191597e+00
   1.2242513e-01   5.4561716e+00  -7.4951895e-01
   1.4033910e-01   8.8316776e+00  -1.0748901e+00
   3.0568139e-01   1.5984381e+01  -1.3310572e+00
   1.1211766e-01   6.7110387e+00  -9.2149150e-01
   5.4851353e-01   1.1633542e+01  -9.5476923e-01
   4.6561370e-01   1.3319687e+01  -1.2393016e+00
   5.7588737e-01   1.1305745e+01  -8.0828990e-01
   4.6077577e-01   1.4854276e+01  -1.3186619e+00
   8.1824978e-01   1.2839712e+01   6.2714280e-01
   2.6811880e-01   1.2623879e+01  -1.2387231e+00
   3.4660518e-01   1.2329326e+00   9.2647964e-01
   3.2649540e-01   7.0015693e+00  -6.8712538e-01
   2.0860858e-01   5.7231309e+00  -6.7545760e-01
   2.1175560e-01   1.1327158e+01  -1.1877881e+00
   1.4979636e-02   6.7407144e+00  -9.5479346e-01
   4.7453002e-01   4.6379263e+00   7.9594988e-01
   2.8825959e-01   9.6997305e+00  -1.0911392e+00
   2.6811880e-01   6.2463410e+00  -6.6453202e-01
   3.5114833e-01   8.5736924e+00  -9.1179996e-01
   9.2400307e-01   1.5630050e+01   7.1701791e-01
   1.0750793e-01   4.6808791e+00  -6.2955855e-01
   2.5837963e-01   6.4800609e+00  -7.3083619e-01
   3.1682098e-01   1.4739701e+01  -1.3073093e+00
   7.6156727e-01   1.0283180e+01   1.1385268e+00
   2.6637353e-01   8.3965037e+00  -9.9137160e-01
   3.4687481e-01   7.9246015e+00  -8.1779226e-01
   7.6727748e-01   1.0575937e+01   1.0734342e+00
   3.6104338e-01   1.0312062e+01  -1.0931203e+00
   5.9722054e-01   1.1655597e+01  -7.9880545e-01
   2.5249867e-01   8.7324322e+00  -1.0330855e+00
   2.2947855e-01   7.3247488e+00  -9.0352253e-01
   5.6752872e-02   7.6070768e+00  -1.0093239e+00
   2.8576498e-01   9.3634078e+00  -1.0662296e+00
   1.5692340e-01   5.9118233e+00  -7.8346592e-01
   9.6697385e-01   1.7130286e+01   6.0743419e-01
   4.7638380e-01   4.6247640e+00   8.1180333e-01
   3.0705549e-01   1.2156978e+01  -1.2235540e+00
   6.0035571e-01   1.5333816e+01  -1.2678159e+00
   6.7303146e-01   8.9466128e+00   7.6412281e-01
   6.9734137e-01   1.3013289e+01  -6.3031150e-01
   5.1002247e-01   1.5239040e+01  -1.3226679e+00
   5.2550963e-01   4.7486915e+00   1.0916757e+00
   2.5995972e-01   6.9604040e+00  -8.1216522e-01
   1.1821437e-01   7.1612267e+00  -9.6175763e-01
   6.4842960e-01   8.2597602e+00   8.1724570e-01
   5.7369174e-02   7.6862887e+00  -1.0142047e+00
   2.5997673e-01   1.4619899e+01  -1.2888363e+00
   2.1693920e-01   6.1875271e+00  -7.4856205e-01
   5.6752872e-02   4.8301989e+00  -7.1476385e-01
   5.5636992e-01   1.0195746e+01  -6.3269446e-01
   4.3707201e-01   1.4925027e+01  -1.3244706e+00
   8.2389103e-01   1.1379090e+01   1.4026280e+00
   1.7590496e-01   7.7355164e+00  -9.8733093e-01
   3.8670819e-01   8.1921663e+00  -7.7619083e-01
   3.0705549e-01   7.6993693e+00  -8.5395904e-01
   4.1805603e-01   1.0076359e+01  -1.0043246e+00
   1.4979636e-02   7.7598987e+00  -1.0191843e+00
   2.9454807e-01   1.5771405e+01  -1.3232225e+00
   1.9992114e-01   1.2002863e+01  -1.2079401e+00
   7.5933021e-01   1.0894781e+01   8.2969742e-01
   8.5480759e-01   1.3682754e+01   7.0137878e-01
   3.4584235e-01   7.3123793e+00  -7.0357763e-01
   1.0750793e-01   8.3546102e+00  -1.0503831e+00
   1.8142914e-01   6.2149647e+00  -8.0188723e-01
   4.6776076e-01   9.5037483e+00  -8.0844125e-01
   3.4687481e-01   1.1119360e+01  -1.1613871e+00
   6.2396729e-01   7.0092161e+00   1.0915092e+00
   1.8254463e-01   7.5230660e+00  -9.6365941e-01
   5.6752872e-02   8.6731380e+00  -1.0660612e+00
   7.1425758e-01   9.1456410e+00   1.1082584e+00
   1.0750793e-01   5.4441400e+00  -7.6326087e-01
   1.7590496e-01   1.1108138e+01  -1.1753093e+00
   7.2985467e-01   1.0235118e+01   7.9424210e-01
   1.1594260e-01   1.3125853e+01  -1.2078061e+00
   7.0260539e-01   9.7612850e+00   7.0944458e-01
   9.7593757e-01   1.6528217e+01   1.0794106e+00
   1.0254089e-02   4.2706831e+00  -6.6653349e-01
   5.2914469e-01   1.3789664e+01  -1.2240043e+00
   6.0007407e-01   1.2394131e+01  -9.3061594e-01
   6.8267115e-01   1.4691631e+01  -1.0434691e+00
   3.4687481e-01   9.9579729e+00  -1.0736965e+00
   6.8246823e-02   4.7292774e+00  -6.8629673e-01
   7.0796370e-01   9.3430619e+00   9.5565409e-01
   7.0260539e-01   8.5144178e+00   1.2468671e+00
   3.4815224e-02   5.1075565e+00  -7.7495604e-01
   1.1211766e-01   7.7195834e+00  -1.0085447e+00
   3.3100638e-02   9.4427635e+00  -1.0921914e+00
   4.7840605e-01   4.9657845e+00   7.1406458e-01
   2.3885691e-01   1.2427904e+01  -1.2281146e+00
   4.9346862e-01   1.0562293e+01  -9.2509656e-01
   6.0982193e-01   1.6465859e+01  -1.3344337e+00
   1.4979636e-02   4.1546765e+00  -6.4236827e-01
   2.8714469e-01   1.3172271e+01  -1.2585963e+00
   4.1150455e-01   1.0629640e+01  -1.0740025e+00
   3.0861829e-01   1.5119083e+01  -1.3141312e+00
   4.8552074e-02   1.4199740e+01  -1.1937541e+00
   2.2109789e-01   1.1793406e+01  -1.2050942e+00
   4.3707201e-01   1.2333240e+01  -1.1927128e+00
   1.6484411e-01   1.3100654e+01  -1.2254571e+00
   3.2649540e-01   7.8451900e+00  -8.4362075e-01
   8.1951451e-01   1.7070545e+01  -9.1622255e-01
   1.3268532e-01   1.1641262e+01  -1.1814111e+00
   6.6331868e-01   7.5434707e+00   1.2427987e+00
   3.0714862e-01   7.4892401e+00  -8.2008893e-01
   1.7235620e-01   1.0534834e+01  -1.1542000e+00
   3.2146214e-01   9.1269793e+00  -1.0167915e+00
   5.6286101e-01   1.1872609e+01  -9.5404400e-01
   1.4846185e-01   7.2128932e+00  -9.5262308e-01
   9.8410881e-01   1.7371175e+01   7.6191665e-01
   4.7840605e-01   3.9462476e+00   1.0195368e+00
   2.8825959e-01   8.6085912e+00  -9.9421266e-01
   8.3076745e-01   1.2989060e+01   7.1987291e-01
   2.2938821e-02   5.2696242e+00  -8.0464573e-01
   3.4284896e-01   8.7110193e+00  -9.4310249e-01
   2.6811880e-01   8.0093403e+00  -9.4716161e-01
   8.9671661e-01   1.3639942e+01   1.3272541e+00
   5.9915481e-01   7.5690490e+00   6.5215016e-01
   6.6331868e-01   8.7862694e+00   7.3632769e-01
   9.8858744e-01   1.6926657e+01   1.0790702e+00
   3.3100538e-01   7.0581142e+00  -6.8777612e-01
   2.6811880e-01   9.0610853e+00  -1.0517450e+00
   1.1638875e-01   9.0663787e+00  -1.0877108e+00
   2.6811880e-01   7.0621787e+00  -8.1583766e-01
   6.4851244e-01   1.6714351e+01  -1.3161860e+00
   1.2798667e-01   5.8830724e+00  -8.0918564e-01
   6.6286101e-01   1.2584850e+01  -7.1224113e-01
   5.5118347e-01   1.3939605e+01  -1.2131343e+00
   2.0495430e-01   7.4138577e+00  -9.3648450e-01
   3.2649540e-01   1.4892562e+01  -1.3133032e+00
   4.9874621e-01   1.0126909e+01  -8.3540751e-01
   7.7932504e-01   1.1629627e+01   7.2192014e-01
   3.1682098e-01   1.8815822e+01  -1.3794657e+00
   1.9014319e-01   7.5755285e+00  -9.6413879e-01
   2.4766859e-01   6.3395900e+00  -7.2418879e-01
   7.1951451e-01   1.5012900e+01  -9.6940981e-01
   8.5571066e-01   1.3812768e+01   6.4815917e-01
   1.3663640e-01   9.5096438e+00  -1.1089784e+00
   6.3202541e-01   8.1467684e+00   7.0869531e-01
   7.8664921e-01   1.0903932e+01   1.1567671e+00
   2.9454807e-01   1.1894343e+01  -1.2130872e+00
   3.1175560e-01   6.9444028e+00  -7.1059214e-01
   1.4033910e-01   7.7567875e+00  -1.0036254e+00
   1.1594260e-01   8.4725219e+00  -1.0565300e+00
   2.9677979e-01   6.2894237e+00  -6.0535310e-01
   1.4855207e-01   1.7908769e+01  -1.2841851e+00
   8.9485100e-01   1.4803782e+01   7.0515340e-01
   2.8825959e-01   1.0864631e+01  -1.1649001e+00
   2.6637353e-01   9.4819924e+00  -1.0854887e+00
   5.5357990e-01   1.1960076e+01  -9.9153189e-01
   4.9874621e-01   1.2249449e+01  -1.1264994e+00
   3.5837963e-01   7.1020131e+00  -6.2195214e-01
   3.7848991e-01   1.1270160e+01  -1.1553891e+00
   4.2142466e-01   8.5276662e+00  -7.4917287e-01
   9.2766628e-01   1.5930018e+01   6.1667684e-01
   2.7619480e-01   6.7064958e+00  -7.3944100e-01
   5.8620650e-01   1.0777359e+01  -6.4048279e-01
   2.3885691e-01   1.1199789e+01  -1.1847317e+00
   4.4687481e-01   1.4951181e+01  -1.3245644e+00
   1.1594260e-01   1.0734906e+01  -1.1516670e+00
   6.6421968e-01   8.0787494e+00   1.0447829e+00
   5.3246504e-01   1.1318878e+01  -9.4705581e-01
   1.5513792e-01   8.3183859e+00  -1.0407377e+00
   2.0550970e-01   5.8729321e+00  -7.0964240e-01
   4.6561370e-01   1.5988091e+01  -1.3605824e+00
   6.2494160e-01   8.1920126e+00   6.2273792e-01
   2.2947855e-01   8.3367106e+00  -1.0119617e+00
   5.0472893e-01   1.4407911e+01  -1.2818526e+00
   1.7235620e-01   6.3035881e+00  -8.2539267e-01
   3.3100638e-02   8.3505721e+00  -1.0493549e+00
   4.6561370e-01   1.2080385e+01  -1.1495009e+00
   3.1137556e-01   8.2651069e+00  -9.2813167e-01
   4.1628147e-01   1.0237604e+01  -1.0260350e+00
   5.5357990e-01   1.0968544e+01  -8.2077285e-01
   9.5782769e-01   1.6573041e+01   7.5510173e-01
   5.4411147e-01   1.2261110e+01  -1.0535299e+00
   6.1014249e-01   1.2323496e+01  -8.8394743e-01
   8.3433154e-01   1.2198304e+01   1.1582194e+00
   3.0705549e-01   6.8454103e+00  -7.0126692e-01
   4.6077577e-01   1.0049704e+01  -9.2100885e-01
   3.0861829e-01   1.3804952e+01  -1.2807287e+00
   2.0318311e-01   8.6459899e+00  -1.0497084e+00
   9.4078692e-01   1.5886335e+01   8.4585370e-01
   7.6173685e-01   1.0522041e+01   1.0323807e+00
   4.6077577e-01   1.3535614e+01  -1.2545295e+00
   3.7016868e-01   8.5310790e+00  -8.7178683e-01
   4.7638380e-01   3.5088500e+00   1.1159140e+00
   7.6156727e-01   1.1421707e+01   6.0493329e-01
   4.1709598e-01   8.8768206e+00  -8.2774858e-01
   5.7042051e-01   6.8582372e+00   6.9602659e-01
   4.2187245e-01   3.2017831e+00   8.9370796e-01
   6.6948588e-01   8.5692370e+00   8.9238501e-01
   1.3268532e-01   6.2186516e+00  -8.5099002e-01
   2.9002010e-01   1.4110198e+01  -1.2853389e+00
   4.7335119e-01   9.3469015e+00  -7.5978366e-01
   2.7597618e-01   1.1348288e+01  -1.1903153e+00
   6.4851244e-01   1.3122448e+01  -8.9400770e-01
   7.4079937e-01   1.0303789e+01   8.8799259e-01
   2.2596897e-01   5.9645062e+00  -6.9173055e-01
   4.5357990e-01   1.4392206e+01  -1.3002144e+00
   1.5404620e-01   1.1055147e+01  -1.1696848e+00
   3.1611930e-01   1.1116983e+01  -1.1720455e+00
   6.5118347e-01   1.5113671e+01  -1.1740662e+00
   1.9014319e-01   9.7481453e+00  -1.1198323e+00
   6.9329700e-02   5.6755729e+00  -8.2762271e-01
   3.5997673e-01   1.5966642e+01  -1.3467426e+00
   1.9075226e-01   5.2097920e+00  -6.0207144e-01
   1.3485395e-01   1.0548715e+01  -1.1494815e+00
   7.9772880e-01   1.1183387e+01   1.1647755e+00
   3.3198406e-01   1.0861695e+01  -1.1512806e+00
   4.0601251e-02   8.3607333e+00  -1.0504237e+00
   8.2659911e-01   1.7233380e+01  -9.1320875e-01
   8.1712322e-01   1.2583517e+01   7.3939553e-01
   3.4815224e-02   6.9578782e+00  -9.6776723e-01
   5.1152016e-01   3.6011194e+00   1.2931682e+00
   2.6637353e-01   6.5344654e+00  -7.2591748e-01
   2.2109789e-01   1.3034490e+01  -1.2410845e+00
   1.4979636e-02   4.9167222e+00  -7.6204571e-01
   6.6273718e-01   8.4723835e+00   8.6660834e-01
   4.1628147e-01   8.3252151e+00  -7.2198563e-01
   4.9346862e-01   1.1631467e+01  -1.0691738e+00
   2.9454807e-01   1.4448182e+01  -1.2948196e+00
   6.7927245e-01   1.6278256e+01  -1.2399800e+00
   2.3885691e-01   7.8338239e+00  -9.5486857e-01
   1.3310064e-01   1.8977160e+01  -1.2842609e+00
   1.2798667e-01   1.1194562e+01  -1.1680543e+00
   1.3663640e-01   8.4006654e+00  -1.0498045e+00
   1.7590496e-01   1.2318960e+01  -1.2108220e+00
   3.9002010e-01   1.0412367e+01  -1.0759433e+00
   5.1002247e-01   9.6212615e+00  -6.8975162e-01
   1.1127479e-01   4.5626343e+00  -6.0074596e-01
   7.5128834e-01   1.4700509e+01  -7.5174763e-01
   4.2142466e-01   1.1638843e+01  -1.1532261e+00
   8.5645124e-01   1.2454833e+01   1.3331962e+00
   3.2706416e-01   1.3982384e+01  -1.2887126e+00
   3.1682098e-01   1.6076235e+01  -1.3365342e+00
   2.2379123e-01   8.1706513e+00  -1.0002469e+00
   3.0861829e-01   1.0103124e+01  -1.1104655e+00
   7.5510421e-01   1.0567405e+01   9.3297986e-01
   4.0601251e-02   7.3103096e+00  -9.9165789e-01
   1.8922531e-01   1.2021199e+01  -1.2061501e+00
   4.6776076e-01   8.6953070e+00  -6.3118655e-01
   2.0318311e-01   5.7992730e+00  -6.9958797e-01
   4.3276549e-01   2.6424228e+00   1.0724231e+00
   2.6731409e-01   5.9793124e+00  -6.0808621e-01
   6.0982193e-01   1.3890451e+01  -1.1189137e+00
   3.1137556e-01   9.3086374e+00  -1.0435305e+00
   3.8885767e-01   1.0172782e+01  -1.0535415e+00
   1.3268532e-01   5.3676616e+00  -7.2274069e-01
   2.5418171e-01   7.0520317e+00  -8.3523417e-01
   6.8267115e-01   1.3648162e+01  -8.5908702e-01
   3.4584235e-01   1.1451099e+01  -1.1819284e+00
   1.3485395e-01   7.2519810e+00  -9.6292852e-01
   5.9722054e-01   1.0856791e+01  -6.0574797e-01
   6.0693053e-01   6.7511613e+00   1.0416252e+00
   8.0085910e-01   1.2155600e+01   7.3811713e-01
   7.2759312e-01   1.0421965e+01   6.8142657e-01
   3.2706416e-01   1.1449078e+01  -1.1873590e+00
   3.9002010e-01   9.3364241e+00  -9.5390549e-01
   6.0035571e-01   1.4066000e+01  -1.1559907e+00
   6.4844109e-02   6.4173003e+00  -9.1352260e-01
   8.2766628e-01   3.1219604e+00   2.9826870e+00
   9.8410881e-01   6.2030673e+00   3.5676653e+00
   6.6963431e-01   6.4935133e+00   1.6328268e+00
   8.3493463e-01   6.4537392e+00   2.7576785e+00
   7.9460061e-01   7.6584369e+00   2.3076237e+00
   9.4078692e-01   1.4167502e+01   1.7188325e+00
   8.2605815e-01   3.9555734e+00   2.9260354e+00
   8.8428572e-01   1.1386098e+01   2.1188690e+00
   8.9856912e-01   6.7331477e+00   3.0910578e+00
   8.8428572e-01   8.6016855e+00   2.7844127e+00
   7.4079937e-01   8.7752955e+00   1.5284933e+00
   9.8410881e-01   1.5749528e+01   1.6216469e+00
   7.4578689e-01   8.9434834e+00   1.5166394e+00
   8.9856912e-01   9.8242055e+00   2.6736514e+00
   8.8945534e-01   9.8213451e+00   2.5997037e+00
   9.4298251e-01   1.4483449e+01   1.6020065e+00
   5.9063102e-01   3.8305726e+00   1.6996706e+00
   7.3163604e-01   5.9168920e+00   2.1975280e+00
   9.9830451e-01   1.0696477e+01   3.2750512e+00
   9.7593757e-01   8.0135921e+00   3.4112360e+00
   8.5444806e-01   8.0426952e+00   2.6661858e+00
   8.1712322e-01   8.9963959e+00   2.1779600e+00
   9.2784582e-01   1.1468204e+01   2.5494783e+00
   6.2500921e-01   5.7331855e+00   1.5058759e+00
   9.5226452e-01   1.1678402e+01   2.7297608e+00
   7.6170483e-01   7.1073740e+00   2.1789044e+00
   7.5112662e-01   5.2505998e+00   2.4144579e+00
   9.0735420e-01   5.4623788e+00   3.2308878e+00
   8.4078692e-01   2.1359732e+00   3.0893013e+00
   7.3198595e-01   8.5144708e+00   1.5359688e+00
   8.8945534e-01   6.7855822e+00   3.0357629e+00
   6.2050892e-01   3.8011147e+00   1.8725611e+00
   8.6125378e-01   1.0079091e+01   2.2870552e+00
   8.3433154e-01   1.0222233e+01   1.9760707e+00
   9.6786021e-01   5.9130657e+00   3.5034387e+00
   6.4842960e-01   5.1249737e+00   1.8075005e+00
   6.1425758e-01   5.4638926e+00   1.5002645e+00
   9.5400420e-01   1.2997243e+01   2.3670394e+00
   9.9196003e-01   4.1029539e+00   3.6923644e+00
   8.9671661e-01   1.1385261e+01   2.2546805e+00
   6.6170483e-01   2.3029359e+00   2.2532883e+00
   8.0085910e-01   8.6334348e+00   2.1319005e+00
   7.5510421e-01   6.7641497e+00   2.2007294e+00
   9.3903237e-01   8.7693735e+00   3.1232912e+00
   8.2605815e-01   6.8816088e+00   2.6508183e+00
   8.6164226e-01   9.8797930e+00   2.3442357e+00
   8.5645124e-01   1.0268939e+01   2.1858932e+00
   8.7937352e-01   1.7385133e+00   3.2747831e+00
   9.7937352e-01   8.6135700e+00   3.3809900e+00
   5.9320144e-01   4.7709972e+00   1.5276288e+00
   9.6697385e-01   1.3468265e+01   2.3595520e+00
   5.7072288e-01   3.1532663e+00   1.6997050e+00
   7.6727748e-01   8.7968586e+00   1.7790779e+00
   7.7788212e-01   9.3100179e+00   1.7091862e+00
   7.3808462e-01   2.7277665e+00   2.5850773e+00
   8.2168189e-01   1.0875893e+01   1.5911378e+00
   6.6421968e-01   2.1913163e+00   2.2744126e+00
   8.9827765e-01   8.0430930e+00   2.9538483e+00
   6.7990736e-01   5.8732358e+00   1.8604785e+00
   8.7480192e-01   6.4319276e+00   2.9868459e+00
   7.6156727e-01   8.4465239e+00   1.8366563e+00
   8.2985467e-01   6.0708432e+00   2.7704997e+00
   9.5782769e-01   1.2393621e+01   2.5976498e+00
   6.6678573e-01   5.6090080e+00   1.8279731e+00
   8.4078692e-01   8.1335613e+00   2.5547967e+00
   9.6697385e-01   3.3204629e+00   3.6071513e+00
   9.1098354e-01   1.2832200e+01   1.8935284e+00
   6.2494160e-01   5.6011952e+00   1.5400410e+00
   9.3903237e-01   1.1892665e+01   2.5449996e+00
   8.4078692e-01   5.2252746e+00   2.9082867e+00
   5.7990736e-01   4.3326633e+00   1.5405725e+00
   6.9778220e-01   5.2821711e+00   2.0906827e+00
   8.2896235e-01   8.1363099e+00   2.4680331e+00
   6.9915481e-01   2.5747991e+00   2.4105151e+00
   9.0735420e-01   8.6932666e+00   2.9279663e+00
   7.1731549e-01   3.6642302e+00   2.4062256e+00
   7.0182263e-01   6.4276285e+00   1.8912321e+00
   9.5226452e-01   1.4408163e+01   1.7757872e+00
   9.6697385e-01   6.9276142e+00   3.4403442e+00
   8.4010685e-01   1.0430310e+01   1.9663042e+00
